((("jedi:ac-setup" .
   [0 0 0 0 0 0 0 0 0 0 0 1 0])
  ("dbhandler" .
   [2 0 0 1 1 0 0 1 0])
  ("zc-packages" .
   [0 0 0 0 0 1 0 0 0 0 0])
  ("zc-color-theme" .
   [0 0 1 0 0 0 0 0 0 0 0 0 0 0])
  ("zc" .
   [1 0])
  ("get_search" .
   [0 0 0 0 0 0 1 0 0 0])
  ("keyword" .
   [5 0 0 0 0 0 0])
  ("feedback" .
   [1 0 0 0 0 0 0 0])
  ("post_feedback" .
   [0 0 0 0 0 0 0 1 0 0 0 0 0])
  ("urllib" .
   [0 0 0 0 1 0])
  ("up" .
   [1 0])
  ("post_user_fav_dl" .
   [0 0 0 0 0 1 0 0 0 0 0 0 0 0 0 0])
  ("405" .
   [1 0 0])
  ("tornado" .
   [0 0 0 1 0 0 0])
  ("action" .
   [4 0 1 0 0 0])
  ("text" .
   [6 0 0 0])
  ("Kauaʻi^t" .
   [1 0 0 0 0 0 0 0])
  ("^t" .
   [1 0])
  ("activities^t" .
   [1 0 0 0 0 0 0 0 0 0 0 0])
  ("get_argument" .
   [0 0 0 0 0 2 0 0 0 0 0 0])
  ("rebate_data" .
   [1 0 0 0 0 0 0 0 0 0 0])
  ("n" .
   [2])
  ("eval" .
   [1 0 0 0])
  ("arguments" .
   [2 0 2 1 3 0 0 0 0])
  ("body" .
   [3 0 0 0])
  ("request" .
   [2 0 1 1 0 0 6])
  ("timestamp" .
   [0 0 0 0 0 0 1 0 0])
  ("mktime" .
   [1 0 0 0 0 0])
  ("req_timestamp" .
   [0 0 0 0 0 0 0 0 0 0 1 0 0])
  ("req_time" .
   [4 0 0 0 0 0 0 0])
  ("req" .
   [1 0 0])
  ("headers" .
   [1 0 0 0 0 0 0])
  ("Desktop" .
   [0 0 2 0 0 0 0])
  ("va_key_" .
   [0 0 0 0 0 0 1])
  ("va_key" .
   [2 0 0 0 0 0])
  ("imei_mac_expires" .
   [0 0 0 0 0 1 0 0 0 0 0 0 0 0 0 0])
  ("60" .
   [2 0])
  ("ip_expires" .
   [0 0 0 1 0 0 0 0 0 0])
  ("local" .
   [1 0 0 0 0])
  ("天津掌聚互动软件有限公司" .
   [0 0 0 0 1 0 1 0 0 0 0 0])
  ("5、" .
   [1 0])
  ("4、" .
   [2 0])
  ("3、" .
   [1 0])
  ("2、" .
   [1 0])
  ("1、" .
   [1 0])
  ("fill-column" .
   [0 0 0 0 0 0 1 0 0 0 0])
  ("buffer-name" .
   [0 0 0 1 1 0 0 0 0 0 0])
  ("+" .
   [1])
  ("assertIsNotNone" .
   [0 0 0 0 0 0 0 0 1 0 0 0 0 0 0])
  ("assertIsNot" .
   [1 0 0 0 0 0 1 0 0 0 0])
  ("tf" .
   [7 0])
  ("assertTrue" .
   [0 0 0 0 1 0 0 0 0 0])
  ("find_one" .
   [1 0 0 0 0 0 0 0])
  ("a" .
   [4])
  ("SerializeToString" .
   [0 0 0 0 1 0 0 0 0 0 0 0 0 0 0 0 0])
  ("share2sns" .
   [0 0 0 1 0 0 0 0 0])
  ("user_token" .
   [0 0 0 0 0 0 0 1 0 0])
  ("like_tf" .
   [4 0 0 0 0 0 0])
  ("tfeet_pb2" .
   [0 0 0 0 0 0 0 0 1])
  ("pack_like_tfeet" .
   [0 0 0 0 0 0 0 0 0 0 1 0 0 0 0])
  ("_set" .
   [3 0 1 0])
  ("_inc_set" .
   [1 0 0 0 0 0 0 0])
  ("_filter" .
   [2 0 0 0 0 0 0])
  ("rowcount" .
   [0 0 0 3 0 0 0 0])
  ("like_req" .
   [4 0 0 0 1 0 0 0])
  ("LikeTFeetRequest" .
   [0 1 1 0 0 0 0 0 0 0 0 0 0 0 0 0])
  ("like_tfeet" .
   [4 0 0 0 0 0 0 0 0 0])
  ("417" .
   [1 0 0])
  ("like" .
   [2 0 0 0])
  ("post" .
   [1 0 0 0])
  ("pow" .
   [0 0 1])
  ("Tfeet" .
   [0 0 1 0 0])
  ("BaseHandler" .
   [0 0 0 0 0 0 0 0 0 0 1])
  ("encodestring" .
   [0 0 1 0 0 0 0 1 0 0 0 0])
  ("base64" .
   [0 0 0 0 1 2])
  ("TFeet" .
   [0 0 2 0 0])
  ("b" .
   [2])
  ("sso_user" .
   [1 0 0 0 0 0 0 0])
  ("SSORequest" .
   [0 0 0 1 0 0 0 0 0 0])
  ("user_pb2" .
   [1 0 0 0 0 0 0 0])
  ("parse_sso_user" .
   [1 0 0 0 0 0 0 0 0 0 0 0 0 0])
  ("proto_pb" .
   [1 0 0 0 0 0 0 0])
  ("libs" .
   [1 0 0 0])
  ("6" .
   [3])
  ("1" .
   [19])
  ("/dev/fd/1" .
   [0 0 0 0 0 0 0 0 1])
  ("/dev/fd/" .
   [0 0 0 0 0 1 0 0])
  ("/dev/" .
   [0 1 0 0 0])
  ("_PG" .
   [1 3 0])
  ("/Users/zc/" .
   [0 0 0 0 0 0 0 0 0 1])
  ("/Users/" .
   [0 0 0 0 0 0 1])
  ("timezone" .
   [0 0 0 0 1 0 0 0])
  ("ctime" .
   [0 1 0 0 0])
  ("compile" .
   [0 1 0 0 0 0 1])
  ("query_sql" .
   [0 0 1 0 0 0 0 0 0])
  ("__db" .
   [1 0 0 0])
  ("user_liked" .
   [0 0 0 0 0 1 0 0 0 0])
  ("_MONGO" .
   [0 2 1 1 0 0])
  ("defun" .
   [1 0 0 0 0])
  ("setq" .
   [3 0 0 0])
  ("project" .
   [1 0 0 0 0 0 0])
  ("rmtree" .
   [0 0 0 1 2 0])
  ("strftime" .
   [0 0 0 0 1 0 0 0])
  ("required" .
   [0 0 0 2 0 0 0 1])
  ("Timezone" .
   [0 0 0 0 1 0 0 0])
  ("time" .
   [26 0 1 4])
  ("read" .
   [1 0 0 0])
  ("obs.txt" .
   [1 0 0 0 0 0 0])
  ("String" .
   [0 1 0 0 0 0])
  ("haskell-mode" .
   [1 0 0 0 0 0 0 0 0 0 0 0])
  ("Exception" .
   [0 0 1 1 2 0 0 0 1])
  ("close" .
   [1 0 0 0 0])
  ("flag" .
   [1 0 0 0])
  ("user" .
   [9 0 0 0])
  ("checkpwd" .
   [1 0 0 0 0 0 0 0])
  ("pwd" .
   [1 0 0])
  ("data" .
   [44 0 0 0])
  ("password" .
   [6 0 1 0 3 0 0 0])
  ("False" .
   [2 3 2 0 0])
  ("hexdigest" .
   [0 0 0 1 0 0 0 0 1])
  ("md5" .
   [2 0 0])
  ("hashlib" .
   [1 0 0 0 0 0 0])
  ("from" .
   [7 0 0 0])
  ("db" .
   [9 0])
  ("2px" .
   [1 0 0])
  ("555" .
   [3 0 0])
  ("20px" .
   [1 0 0 0])
  ("font-size" .
   [0 0 0 0 0 1 0 0 0])
  ("494949" .
   [1 0 0 0 0 0])
  ("gray" .
   [1 0 0 0])
  ("background-color" .
   [1 0 1 0 0 0 0 0 0 0 0 0 0 0 0 0])
  ("text-align" .
   [0 0 0 0 0 0 1 0 0 0])
  ("0px" .
   [2 0 0])
  (".W_main_top" .
   [0 0 0 1 0 0 0 0 1 0 0])
  ("100%" .
   [1 0 0 0])
  ("weight" .
   [0 0 1 0 0 0])
  ("width" .
   [0 0 0 1 0])
  ("align" .
   [0 0 1 0 0])
  ("repeat" .
   [0 0 0 1 0 0])
  (".rs" .
   [1 0 0])
  ("red" .
   [1 0 0])
  ("background" .
   [0 0 0 0 1 0 0 0 0 0])
  ("." .
   [1])
  ("0" .
   [16])
  ("100px" .
   [1 0 0 0 0])
  ("center" .
   [0 1 1 0 0 1])
  (".W_main" .
   [2 0 0 1 0 0 1])
  ("c1c1c1" .
   [1 0 0 0 0 0])
  ("35px" .
   [1 0 0 0])
  ("image" .
   [1 0 0 0 0])
  ("e" .
   [17])
  ("repeat-x" .
   [1 0 0 0 0 0 0 0])
  ("repeat-y" .
   [0 0 1 0 0 0 0 0])
  ("*/" .
   [3 0])
  ("top" .
   [1 0 0])
  ("nil" .
   [7 0 0])
  ("tool-bar-mode" .
   [0 0 0 0 0 1 0 0 0 0 0 0 0])
  ("menu-bar-mode" .
   [0 0 0 0 0 1 0 0 0 0 0 0 0])
  ("history" .
   [0 0 0 0 0 0 1])
  ("history_info" .
   [1 0 0 0 0 0 0 0 0 0 0 0])
  ("getHistory" .
   [0 0 0 0 1 0 0 0 0 0])
  ("getSearch" .
   [0 0 0 1 0 0 0 0 0])
  ("rest" .
   [2 0 0 0])
  ("getUsername" .
   [0 0 0 0 1 0 0 0 0 0 0])
  ("return" .
   [7 0 6 11 1 26])
  ("content" .
   [12 0 0 0 0 1 0])
  ("pass" .
   [14 0 0 0])
  ("continue" .
   [0 0 1 6 2 0 0 2])
  ("try" .
   [21 0 1])
  ("len" .
   [10 0 0])
  ("getNum" .
   [1 0 0 0 0 0])
  ("arg" .
   [1 0 0])
  ("except" .
   [4 0 1 2 2 14])
  ("IOError" .
   [0 0 2 0 0 0 0])
  ("break" .
   [0 0 0 0 1])
  ("lambda" .
   [0 0 1 0 0 0])
  ("True" .
   [3 1 1 2])
  ("in" .
   [13 0])
  ("dict_A" .
   [0 0 0 0 0 1])
  ("dict" .
   [6 0 0 0])
  ("for" .
   [16 0 0])
  ("list_B" .
   [1 0 0 0 0 0])
  ("numbers" .
   [0 0 1 1 0 0 0])
  ("import" .
   [24 0 11 3 1 5])
  ("myclass" .
   [1 0 0 0 0 0 0])
  ("def" .
   [60 0 1])
  ("myclass2" .
   [1 0 0 0 1 0 0 0])
  ("print" .
   [93 0 0 2 3])
  ("name" .
   [4 1 0 0])
  ("MyClass" .
   [0 0 0 1 0 0 0])
  ("self" .
   [2 0 5 52])
  ("lass" .
   [1 0 0 0])
  ("class" .
   [2 0 1 0 0])
  ("h2" .
   [1 0])
  ("int" .
   [19 0 0])
  ("1300" .
   [3 0 0 0])
  ("alist" .
   [1 0 0 0 0])
  ("yield" .
   [2 0 0 0 0])
  ("addlist" .
   [1 0 0 0 0 0 0])
  ("alistt" .
   [1 0 0 0 0 0])
  ("next" .
   [0 0 0 1])
  ("Center" .
   [0 0 1 0 0 0])
  ("frame" .
   [1 0 0 0 0])
  ("file" .
   [3 1 1 0])
  ("Menu" .
   [1 0 2 0])
  ("help" .
   [1 0 0 0])
  (":9001" .
   [1 0 0 0 0])
  ("cntAll" .
   [1 0 0 0 0 0])
  ("stdin" .
   [0 0 1 0 0])
  ("lines" .
   [2 0 0 0 0])
  ("if" .
   [45 0])
  ("t" .
   [11])
  ("else" .
   [15 0 0 0])
  ("type" .
   [8 0 0 0])
  ("range" .
   [6 0 0 0 0])
  ("search" .
   [1 0 0 0 0 1])
  ("encode" .
   [3 0 0 0 0 0])
  ("not" .
   [19 0 0])
  ("his_list" .
   [0 0 0 0 0 1 0 0])
  ("append" .
   [1 0 3 4 1 1])
  ("search_list" .
   [0 0 0 0 0 0 0 1 0 0 0])
  ("open" .
   [1 0 1 0])
  ("write" .
   [3 1 2 6 0])
  ("slist" .
   [1 0 0 0 0])
  ("hlist" .
   [3 0 0 0 0])
  ("zenity" .
   [0 0 0 1 0 0])
  ("passwd" .
   [1 0 0 0 1 0])
  ("authgfan" .
   [1 0 0 0 0 0 0 0])
  ("username" .
   [1 0 0 0 0 0 0 0])
  ("status" .
   [4 0 0 0 3 3])
  ("MySQLdb" .
   [1 0 0 0 0 0 0])
  ("or" .
   [5 0])
  ("logging" .
   [2 0 1 0 2 0 1])
  ("DEBUG" .
   [0 0 1 1 2])
  ("resp" .
   [1 0 0 0])
  ("str" .
   [8 0 0])
  ("debug" .
   [5 0 0 0 0])
  ("readin" .
   [5 0 0 0 0 1])
  ("domainame" .
   [1 0 1 0 1 0 0 1 0])
  ("income" .
   [1 0 0 0 0 0])
  ("find" .
   [2 0 0 0])
  ("prefix" .
   [1 0 0 0 0 0])
  ("suffix" .
   [1 0 0 0 0 0])
  ("real_password" .
   [0 0 0 0 1 0 0 0 0 0 0 0 0])
  ("finally" .
   [0 0 0 1 0 0 1])
  ("in_user" .
   [3 0 0 0 0 0 0])
  ("rq_status" .
   [1 0 0 0 0 0 0 0 0])
  ("rq_xml" .
   [1 0 1 0 0 0])
  ("msg" .
   [1 0 0])
  ("gevent" .
   [1 0 0 0 0 0])
  ("ERROR" .
   [0 1 0 0 0])
  ("error" .
   [4 1 0 0 0])
  ("warn" .
   [0 1 0 0])
  ("haskell" .
   [0 0 0 0 1 0 0])
  ("load" .
   [1 0 0 0])
  ("access_token" .
   [0 0 0 1 1 0 0 0 0 1 0 1])
  ("uid" .
   [18 0 0])
  ("session" .
   [3 0 0 0 0 0 0])
  ("controllers" .
   [0 0 0 0 0 0 1 0 0 0 0])
  ("sessionHandler" .
   [0 0 0 1 0 0 0 0 0 0 0 0 0 0])
  ("session_get" .
   [0 0 0 0 0 0 0 0 1 0 0])
  ("session_set" .
   [1 0 1 0 0 0 0 0 0 0 0])
  ("None" .
   [20 2 1 5])
  ("require" .
   [0 0 1 4 1 0 0])
  ("os" .
   [8 0])
  ("sys" .
   [33 0 0])
  ("filemode" .
   [2 0 0 0 1 0 0 0])
  ("s" .
   [24])
  ("dbo" .
   [1 0 0])
  ("execsql" .
   [0 0 1 0 0 0 0])
  ("query" .
   [0 2 1 0 0])
  ("random" .
   [1 0 0 0 0 0])
  ("100" .
   [5 0 0])
  ("cnt" .
   [7 0 0])
  ("ran100" .
   [1 0 0 0 0 0])
  ("ran10000" .
   [2 0 0 0 0 0 0 0])
  ("10000000" .
   [0 0 0 1 0 0 0 0])
  ("pinax" .
   [0 0 0 1 0])
  ("env" .
   [1 0 0])
  ("setup_environ" .
   [0 0 0 0 0 1 0 0 0 0 0 0 0])
  ("asdfen" .
   [0 0 0 0 1 0])
  ("message" .
   [1 0 1 0 2 0 1])
  ("string" .
   [1 0 1 5 0 1])
  ("url" .
   [1 0 0])
  ("optional" .
   [0 0 2 1 1 0 0 0])
  ("default" .
   [0 0 0 0 1 0 0])
  ("int64" .
   [2 0 1 5 1])
  ("qid" .
   [2 0 0])
  ("qtext" .
   [1 0 0 0 0])
  ("qurl" .
   [2 0 0 0])
  ("bool" .
   [0 0 2 0])
  ("newuser" .
   [0 0 0 1 0 0 0])
  ("checkNewUserFromSina" .
   [0 0 1 0 0 0 0 0 0 0 0 0 0 0 0 0 0 0 0 0])
  ("re" .
   [12 0])
  ("get_handler" .
   [0 0 0 1 0 0 0 0 0 0 0])
  ("options" .
   [0 0 0 0 1 0 0])
  ("p" .
   [3])
  ("strptime" .
   [1 1 1 0 0 0 0 0])
  ("__file__" .
   [1 0 0 0 0 0 0 0])
  ("pymongo" .
   [0 0 0 1 0 0 0])
  ("concat" .
   [1 0 0 0 0 0])
  ("/bin/" .
   [0 1 0 0 0])
  ("~/bin/" .
   [0 0 1 0 0 0])
  ("~/bin/pycheckers" .
   [0 0 0 0 0 0 1 0 0 0 0 0 0 0 0 0])
  ("pycheckers" .
   [1 0 0 0 0 0 0 0 0 0])
  ("adjoin" .
   [0 0 1 0 0 0])
  ("add-timeout" .
   [0 0 0 1 0 0 0 0 0 0 0])
  ("adelete" .
   [0 0 1 0 0 0 0])
  ("add-hook" .
   [0 0 0 1 0 0 0 0])
  ("add-abbrev" .
   [0 0 0 1 0 0 0 0 0 0])
  ("page" .
   [1 0 0 0])
  ("add_page" .
   [0 0 0 1 0 0 0 0])
  ("qpoint" .
   [3 0 1 0 0 1])
  ("_field" .
   [0 0 0 0 1 1])
  ("update" .
   [8 0 0 0 0 0])
  ("qpoints" .
   [3 0 0 0 0 0 0])
  ("_get_pid_is_zero" .
   [0 0 0 0 1 0 0 0 0 0 0 0 0 0 0 0])
  ("pid" .
   [3 0 0])
  ("qp" .
   [3 0])
  ("utils" .
   [0 0 0 1 2])
  ("generater_id" .
   [0 0 0 1 0 0 0 0 0 0 0 0])
  ("tfeet" .
   [19 0 0 1 0])
  ("get" .
   [38 0 0])
  ("datetime" .
   [15 0 0 0 0 0 1 1])
  ("src_id" .
   [6 0 0 0 0 0])
  ("date" .
   [4 0 0 0])
  ("SPRING" .
   [0 0 2 0 0 0])
  ("2" .
   [9])
  ("3" .
   [3])
  ("4" .
   [1])
  ("SUMMER" .
   [1 0 0 1 0 0])
  ("5" .
   [2])
  ("7" .
   [3])
  ("AUTHOR" .
   [0 0 1 0 0 0])
  ("AUTUMN" .
   [0 0 0 1 1 0])
  ("8" .
   [3])
  ("9" .
   [2])
  ("10" .
   [3 0])
  ("WINTER" .
   [0 0 0 2 0 0])
  ("11" .
   [1 0])
  ("12" .
   [1 0])
  ("w" .
   [2])
  ("elif" .
   [1 0 0 0])
  ("month" .
   [2 0 0 0 0])
  ("season" .
   [1 0 0 0 0 2])
  ("stringutils" .
   [0 0 0 3 0 1 0 0 0 0 0])
  ("24" .
   [1 0])
  ("18" .
   [1 0])
  ("day" .
   [1 0 0])
  ("daynight" .
   [1 0 0 0 1 0 0 0])
  ("get_daynight" .
   [0 0 0 0 0 0 1 0 0 0 0 0])
  ("pic" .
   [4 0 0])
  ("pic_path" .
   [2 0 0 0 0 0 1 0])
  ("config" .
   [4 0 0 0 0 5])
  ("tfid" .
   [11 0 0 0])
  ("is" .
   [6 0])
  ("save_pic" .
   [1 0 0 0 0 0 0 0])
  ("d" .
   [14])
  ("_gen_add_tfeet" .
   [0 0 0 1 0 0 0 0 0 0 0 0 0 0])
  ("model" .
   [0 0 0 0 1])
  ("db_mongo" .
   [0 0 0 0 1 1 0 0])
  ("add_tfeet" .
   [1 0 0 1 1 0 0 0 0])
  ("save" .
   [6 0 0 0])
  ("tfeets" .
   [2 0 0 0 0 0])
  ("pic_url" .
   [2 0 0 0 0 0 0])
  ("TwitterMixin" .
   [0 0 1 0 0 0 0 0 0 0 0 0])
  ("callback" .
   [0 0 0 0 0 0 1 0])
  ("async_callback" .
   [0 0 0 0 0 1 0 0 0 0 0 0 0 0])
  ("_on_get_daily" .
   [0 0 0 1 0 0 0 0 0 0 0 0 0])
  ("enid" .
   [15 0 0 0])
  ("since" .
   [3 0 0 0 0])
  ("user_id" .
   [1 0 0 0 0 0 0])
  ("true" .
   [1 0 0 0])
  ("200" .
   [6 0 0])
  ("get_twitter_token" .
   [0 0 0 0 0 0 2 0 0 0 0 0 0 0 0 0 0])
  ("m" .
   [5])
  ("daily" .
   [4 0 1 1 5])
  ("update_daily_facebook" .
   [0 0 0 0 0 0 0 0 0 0 0 0 0 0 0 0 0 1 0 0 0])
  ("_daily" .
   [0 0 0 10 0 0])
  ("created_time" .
   [1 0 0 0 0 0 0 0 0 0 0 0])
  ("id" .
   [1 0])
  ("full_picture" .
   [0 0 0 0 0 0 0 1 0 0 0 0])
  ("description" .
   [0 0 0 0 1 0 0 0 0 0 0])
  ("pick" .
   [0 0 0 1])
  ("picture" .
   [0 0 0 0 0 1 1])
  ("res" .
   [22 0 0])
  ("save_daily" .
   [0 0 0 0 2 0 0 0 0 0])
  ("sns" .
   [1 0 0])
  ("source" .
   [1 0 0 0 0 0])
  ("update_daily_twitter" .
   [0 0 0 0 0 0 0 0 0 1 0 0 0 0 0 0 0 0 0 0])
  ("c" .
   [4])
  ("special_timestamp" .
   [0 0 0 0 0 1 0 0 0 0 0 0 0 0 0 0 0])
  ("twid" .
   [8 0 0 0])
  ("get_since_id" .
   [2 0 0 0 0 0 0 1 0 0 0 0])
  ("fbid" .
   [3 0 0 0])
  ("filter" .
   [3 0 0 0 0 0])
  ("_sort" .
   [0 0 0 0 1])
  ("limit" .
   [1 0 0 0 0])
  ("since_id" .
   [3 0 0 2 0 0 1 1])
  ("get_since_" .
   [0 0 0 0 0 0 0 1 0 0])
  ("ctr" .
   [1 0 0])
  ("medias" .
   [2 0 0 0 0 0])
  ("media" .
   [0 0 0 0 1])
  ("get_media" .
   [0 0 0 0 0 0 1 0 0])
  ("DailyTwitter" .
   [0 0 0 0 0 0 0 0 0 0 1 0])
  ("_enid" .
   [1 0 0 0 0])
  ("params" .
   [0 0 0 3 0 1])
  ("response_body" .
   [0 0 0 0 0 0 0 0 1 0 0 0 0])
  ("response" .
   [0 0 0 1 1 0 0 1])
  ("now" .
   [3 0 0])
  ("r" .
   [4])
  ("f" .
   [6])
  ("field" .
   [4 0 1 0 0])
  ("_user" .
   [1 0 0 0 0])
  ("_on_auth" .
   [2 0 0 0 0 0 0 0])
  ("createdAt" .
   [0 0 0 1 0 0 0 0 0])
  ("daily_" .
   [1 0 5 0 0 1])
  ("foursquare" .
   [0 0 0 0 0 0 0 0 0 1])
  ("venue" .
   [0 0 0 0 1])
  ("photos" .
   [0 0 1 2 0 4])
  ("foursquare_id" .
   [0 0 0 1 0 0 0 0 0 0 0 0 0])
  ("get_picture" .
   [0 0 0 0 0 0 0 1 0 0 0])
  ("mysql_database" .
   [0 0 0 0 1 0 0 0 0 0 0 0 0 0])
  ("mysql_user" .
   [0 0 2 0 0 0 0 0 0 0])
  ("mysql_password" .
   [0 0 1 0 0 0 0 0 0 0 0 0 0 0])
  ("mysql_max_idle_time" .
   [0 0 1 0 0 0 0 0 0 0 0 0 0 0 0 0 0 0 0])
  ("cn" .
   [1 0])
  ("mysql_connect_timeout" .
   [0 0 0 0 0 0 0 1 0 0 0 0 0 0 0 0 0 0 0 0 0])
  ("mysql_time_zone" .
   [0 0 0 0 1 0 0 0 0 0 0 0 0 0 0])
  ("ch_id" .
   [2 0 0 0 0])
  ("sql" .
   [7 0 0])
  ("key_cur" .
   [2 0 0 0 0 0 0])
  ("key" .
   [1 0 0])
  ("ch_key" .
   [1 0 0 0 1 1])
  ("app_id" .
   [8 0 0 0 0 3])
  ("rebate_id" .
   [6 0 0 1 1 0 0 1 0])
  ("imei" .
   [10 0 0 0])
  ("mac" .
   [9 0 0])
  ("hash" .
   [0 0 0 1])
  ("hashed_word" .
   [0 0 0 0 0 0 1 0 0 0 0])
  ("get_user_from_word" .
   [0 0 0 0 0 0 1 0 0 0 0 0 0 0 0 0 0 0])
  ("second" .
   [0 0 0 1 0 0])
  ("secret_word_hashed" .
   [0 0 0 0 1 0 0 0 0 0 0 0 0 0 0 0 0 0])
  ("raise" .
   [0 0 2 0 2])
  ("torndb" .
   [0 0 0 0 0 1])
  ("web" .
   [1 0 1])
  ("HTTPError" .
   [0 2 0 0 0 0 0 0 0])
  ("rebate" .
   [7 0 0 0 1 2])
  ("checkins" .
   [0 0 0 0 1 0 0 0])
  ("check_already_rebate" .
   [0 0 0 0 0 0 0 1 0 0 0 0 0 0 0 0 0 0 0 0])
  ("already_" .
   [0 0 0 0 1 0 0 0])
  ("rebate_state" .
   [1 0 0 0 0 0 0 2 1 0 0 0])
  ("get_rebate_item" .
   [0 0 0 0 0 0 1 0 0 0 0 0 0 0 0])
  ("current_date" .
   [0 0 0 2 0 1 0 0 0 0 0 0])
  ("and" .
   [1 0 0])
  ("el" .
   [1 0])
  ("no" .
   [1 0])
  ("204" .
   [2 0 0])
  ("ins_sql" .
   [1 0 0 0 0 0 0])
  ("it" .
   [1 0])
  ("activate_rebate" .
   [0 0 0 1 0 0 0 0 0 0 0 0 0 0 0])
  ("rebate_val" .
   [0 0 0 0 1 0 0 0 0 0])
  ("user_rebate_id" .
   [0 0 0 0 0 0 0 3 0 0 0 1 0 0])
  ("execute" .
   [0 0 0 0 1 0 0])
  ("upd_sql" .
   [1 0 0 0 0 0 0])
  ("u" .
   [1])
  ("500" .
   [1 0 0])
  ("402" .
   [1 0 0])
  ("set_header" .
   [0 0 0 0 0 0 1 0 0 0])
  ("words" .
   [2 0 0 0 0])
  ("split" .
   [0 0 0 1 0])
  ("create" .
   [1 0 0 0 0 0])
  ("N" .
   [1])
  ("varchar" .
   [1 0 0 0 0 0 0])
  ("600" .
   [1 0 0])
  ("get_target_detail" .
   [0 0 0 0 0 0 1 0 0 0 0 0 0 0 0 0 0])
  ("target_id" .
   [8 0 0 2 0 0 0 0 0])
  ("version" .
   [2 0 0 3 2 0 0])
  ("target" .
   [5 0 0 2 0 0])
  ("target_detail" .
   [0 0 0 5 2 0 0 1 0 1 0 0 1])
  ("updated_time" .
   [0 0 0 0 0 0 0 1 0 0 0 0])
  ("new_version" .
   [0 0 0 0 1 0 0 1 0 0 0])
  ("，" .
   [1])
  ("senior" .
   [0 0 0 1 0 0])
  ("send_request" .
   [0 0 0 0 1 0 1 0 0 0 0 0])
  ("assertEqual" .
   [0 0 0 3 0 0 0 0 0 0 0])
  ("new" .
   [1 0 0])
  ("Date" .
   [1 0 0 0])
  ("classmethod" .
   [0 0 0 0 0 0 0 0 1 0 0])
  ("unittest" .
   [1 0 0 0 0 0 0 0])
  ("TestCase" .
   [0 0 0 0 0 0 0 1])
  ("setUpClass" .
   [0 0 0 1 0 0 0 0 0 0])
  ("cls" .
   [1 0 0])
  ("today" .
   [4 0 0 0 0])
  ("mongo" .
   [0 0 0 1 4])
  ("targets" .
   [11 0 0 2 0 0 4])
  ("category" .
   [0 0 0 1 7 2 0 5])
  ("categorys" .
   [2 0 0 0 3 0 0 0 0])
  ("remove" .
   [1 0 0 0 0 0])
  ("insert" .
   [3 0 0 1 0 0])
  ("i" .
   [4])
  ("。" .
   [1])
  ("category_id" .
   [1 0 0 0 1 0 0 0 0 0 0])
  ("last_id" .
   [0 0 0 5 4 0 0])
  ("get_target_list" .
   [0 0 0 0 0 0 0 1 0 0 0 0 0 0 0])
  ("last_id_" .
   [1 0 0 1 0 0 0 0])
  ("sort" .
   [1 0 0 0])
  ("filter_" .
   [4 0 1 1 0 0 0])
  ("_targets" .
   [0 0 0 1 0 0 0 0])
  ("calc_sig" .
   [0 0 0 0 2 0 0 0])))
